0 0.151172 0.561806 0.116406 0.384722
0 0.296484 0.818056 0.228906 0.291667
0 0.359375 0.409722 0.096875 0.194444
0 0.483984 0.555556 0.124219 0.250000
0 0.648047 0.729861 0.163281 0.223611
1 0.503906 0.321528 0.178125 0.268056
1 0.687109 0.507639 0.119531 0.248611
1 0.833594 0.653472 0.115625 0.179167
0 0.535937 0.129167 0.084375 0.172222
0 0.629687 0.234722 0.081250 0.158333
0 0.746094 0.381250 0.071875 0.106944
0 0.875391 0.472917 0.135156 0.098611
3 0.679688 0.135417 0.092188 0.148611
3 0.811719 0.272917 0.106250 0.143056
3 0.913281 0.337500 0.093750 0.155556
