0 0.202344 0.441667 0.210938 0.138889
0 0.390234 0.532639 0.133594 0.109722
3 0.209375 0.629861 0.206250 0.240278
3 0.408594 0.700000 0.135937 0.183333
4 0.201172 0.304167 0.144531 0.130556
4 0.368750 0.382639 0.153125 0.179167
4 0.535156 0.502083 0.137500 0.165278
0 0.333594 0.227778 0.121875 0.136111
0 0.493750 0.308333 0.123438 0.166667
0 0.645312 0.444444 0.135937 0.150000
1 0.461328 0.151389 0.102344 0.141667
1 0.590625 0.255556 0.117188 0.138889
1 0.727734 0.354167 0.119531 0.116667
0 0.642187 0.136111 0.123438 0.147222
0 0.772656 0.247222 0.100000 0.144444
0 0.883984 0.353472 0.083594 0.143056
