4 0.105859 0.581944 0.060156 0.163889
4 0.142578 0.684722 0.061719 0.169444
4 0.186328 0.778472 0.066406 0.148611
4 0.238672 0.278472 0.039844 0.084722
4 0.275391 0.335417 0.032031 0.084722
4 0.305469 0.383333 0.054688 0.094444
3 0.301172 0.213194 0.127344 0.134722
3 0.314844 0.291667 0.096875 0.127778
3 0.176953 0.190278 0.105469 0.072222
0 0.200000 0.311111 0.043750 0.100000
0 0.240234 0.380556 0.058594 0.100000
0 0.283984 0.459722 0.064844 0.119444
0 0.330078 0.538889 0.071094 0.100000
1 0.155469 0.375694 0.079687 0.115278
1 0.207031 0.459722 0.064062 0.161111
1 0.252344 0.570833 0.071875 0.150000
1 0.291797 0.650000 0.057031 0.094444
0 0.131250 0.479861 0.035937 0.076389
0 0.164062 0.551389 0.054688 0.122222
0 0.201172 0.643056 0.050781 0.119444
0 0.243750 0.723611 0.059375 0.105556
