3 0.380469 0.114583 0.151562 0.106944
3 0.599219 0.184028 0.232812 0.123611
3 0.812109 0.252778 0.138281 0.125000
1 0.291406 0.190278 0.151562 0.130556
1 0.442187 0.226389 0.112500 0.097222
1 0.634375 0.299306 0.157813 0.123611
1 0.347266 0.511806 0.177344 0.156944
1 0.577344 0.594444 0.217187 0.155556
4 0.800000 0.573611 0.192188 0.066667
4 0.576563 0.493056 0.243750 0.122222
0 0.498047 0.707639 0.130469 0.148611
0 0.666406 0.734722 0.159375 0.108333
0 0.460938 0.354861 0.185937 0.109722
0 0.756641 0.435417 0.221094 0.106944
