0 0.208203 0.568750 0.091406 0.143056
0 0.333984 0.469444 0.083594 0.119444
1 0.266016 0.701389 0.110156 0.166667
1 0.375391 0.588889 0.052344 0.144444
1 0.477344 0.486111 0.073437 0.111111
4 0.391016 0.756944 0.105469 0.147222
4 0.497266 0.623611 0.063281 0.147222
4 0.601953 0.522222 0.113281 0.144444
0 0.487500 0.818056 0.067188 0.119444
0 0.582812 0.702778 0.089062 0.133333
0 0.687109 0.573611 0.052344 0.091667
0 0.758984 0.493056 0.058594 0.061111
3 0.618750 0.873611 0.089062 0.116667
3 0.711328 0.711806 0.103906 0.104167
3 0.750781 0.611111 0.064062 0.061111
