0 0.762109 0.764583 0.149219 0.170833
0 0.926562 0.571528 0.120312 0.201389
4 0.858594 0.427083 0.168750 0.148611
4 0.726562 0.595833 0.201562 0.133333
1 0.428516 0.790972 0.257031 0.251389
0 0.753125 0.315278 0.125000 0.133333
0 0.635938 0.439583 0.120312 0.162500
0 0.517187 0.557639 0.115625 0.131944
0 0.551953 0.239583 0.075781 0.140278
0 0.398438 0.425694 0.079687 0.148611
0 0.475781 0.306250 0.042188 0.068056
0 0.340234 0.572222 0.144531 0.111111
1 0.518359 0.416667 0.114844 0.088889
1 0.643359 0.272222 0.075781 0.125000
3 0.388672 0.254861 0.091406 0.159722
3 0.473437 0.210417 0.060938 0.087500
3 0.319141 0.377778 0.074219 0.116667
