1 0.342578 0.531250 0.152344 0.179167
1 0.511328 0.654861 0.141406 0.170833
1 0.457812 0.179861 0.125000 0.137500
1 0.596875 0.275000 0.082813 0.169444
1 0.709766 0.422222 0.096094 0.175000
0 0.548828 0.111806 0.172656 0.123611
0 0.728906 0.260417 0.103125 0.145833
0 0.822656 0.417361 0.037500 0.156944
0 0.302734 0.379167 0.174219 0.119444
0 0.466016 0.469444 0.111719 0.147222
0 0.600781 0.568056 0.090625 0.102778
4 0.394531 0.265278 0.114063 0.152778
4 0.543750 0.391667 0.164062 0.166667
4 0.698438 0.530556 0.120312 0.161111
