0 0.746875 0.251389 0.093750 0.094444
0 0.637891 0.348611 0.094531 0.136111
0 0.548437 0.444444 0.112500 0.130556
4 0.205078 0.592361 0.155469 0.198611
4 0.319531 0.478472 0.129688 0.143056
4 0.410937 0.388889 0.128125 0.147222
4 0.507031 0.320139 0.131250 0.120833
4 0.584375 0.265972 0.103125 0.123611
3 0.323828 0.322917 0.167969 0.173611
3 0.461328 0.204861 0.185156 0.170833
1 0.132031 0.313194 0.129688 0.176389
1 0.221875 0.213194 0.112500 0.131944
1 0.296875 0.161806 0.118750 0.115278
1 0.505859 0.619444 0.169531 0.175000
1 0.623047 0.515278 0.130469 0.150000
1 0.713672 0.450000 0.150781 0.194444
1 0.787109 0.377083 0.133594 0.159722
0 0.699609 0.640278 0.158594 0.127778
0 0.806250 0.575694 0.115625 0.118056
0 0.876172 0.488194 0.108594 0.184722
