4 0.592188 0.718056 0.135937 0.169444
4 0.668750 0.636111 0.125000 0.169444
4 0.743359 0.545139 0.130469 0.159722
1 0.369922 0.597917 0.130469 0.134722
1 0.440234 0.540278 0.116406 0.119444
1 0.501172 0.481250 0.102344 0.115278
1 0.558594 0.415972 0.087500 0.087500
0 0.492578 0.632639 0.113281 0.151389
0 0.567578 0.547222 0.097656 0.136111
0 0.631250 0.465972 0.117188 0.131944
0 0.692578 0.793056 0.149219 0.169444
0 0.783203 0.702083 0.097656 0.120833
0 0.844141 0.637500 0.116406 0.147222
3 0.269141 0.486806 0.103906 0.173611
3 0.364062 0.392361 0.115625 0.123611
3 0.436328 0.848611 0.128906 0.252778
