4 0.096094 0.557639 0.126563 0.168056
4 0.185547 0.458333 0.110156 0.125000
4 0.271484 0.384722 0.127344 0.116667
4 0.350391 0.327778 0.097656 0.138889
1 0.335547 0.675694 0.142969 0.198611
1 0.439453 0.563194 0.147656 0.137500
1 0.545703 0.466667 0.153906 0.141667
1 0.642578 0.395833 0.161719 0.141667
3 0.776953 0.698611 0.267969 0.238889
3 0.908203 0.527083 0.167969 0.262500
0 0.505859 0.691667 0.153906 0.161111
0 0.603906 0.590972 0.103125 0.170833
0 0.672266 0.504861 0.119531 0.148611
0 0.746094 0.436111 0.096875 0.111111
0 0.193750 0.629167 0.128125 0.166667
0 0.280469 0.515972 0.132812 0.168056
0 0.373047 0.440278 0.161719 0.161111
0 0.473047 0.353472 0.149219 0.145833
0 0.556250 0.290278 0.126563 0.138889
