3 0.503906 0.279861 0.103125 0.123611
3 0.444141 0.372222 0.074219 0.072222
3 0.367188 0.461806 0.096875 0.084722
1 0.542969 0.556250 0.131250 0.145833
1 0.625391 0.462500 0.132031 0.161111
1 0.687109 0.386111 0.111719 0.141667
0 0.777344 0.817361 0.117188 0.154167
0 0.909375 0.725694 0.139062 0.143056
0 0.672656 0.597917 0.089062 0.112500
0 0.750781 0.520139 0.090625 0.140278
0 0.819141 0.399306 0.114844 0.198611
0 0.445703 0.513194 0.078906 0.098611
0 0.505078 0.434722 0.094531 0.130556
0 0.569141 0.346528 0.088281 0.118056
0 0.608594 0.293056 0.071875 0.094444
4 0.746094 0.673611 0.115625 0.100000
4 0.827344 0.620833 0.093750 0.102778
4 0.900781 0.533333 0.101562 0.169444
4 0.952734 0.409722 0.075781 0.236111
