0 0.213281 0.548611 0.154687 0.761111
0 0.339844 0.798611 0.164062 0.294444
1 0.406641 0.361111 0.130469 0.566667
1 0.560547 0.668056 0.203906 0.400000
0 0.526953 0.143750 0.094531 0.245833
0 0.606250 0.229167 0.062500 0.244444
0 0.660156 0.336806 0.035937 0.251389
0 0.752344 0.502778 0.148438 0.400000
1 0.622656 0.076389 0.076563 0.052778
1 0.679297 0.136111 0.066406 0.116667
1 0.905859 0.395139 0.136719 0.134722
1 0.758203 0.237500 0.075781 0.119444
0 0.765625 0.126389 0.068750 0.088889
0 0.828516 0.161111 0.046094 0.061111
