0 0.342578 0.359722 0.063281 0.375000
1 0.405859 0.366667 0.044531 0.161111
1 0.503125 0.578472 0.134375 0.143056
1 0.608594 0.666667 0.070312 0.088889
1 0.468359 0.247917 0.042969 0.051389
1 0.544922 0.344444 0.085156 0.094444
1 0.618750 0.458333 0.056250 0.097222
1 0.700781 0.550694 0.098438 0.073611
0 0.467578 0.343056 0.044531 0.080556
0 0.539453 0.462500 0.069531 0.083333
0 0.614844 0.558333 0.057813 0.063889
0 0.688281 0.672917 0.045313 0.087500
0 0.614062 0.322917 0.043750 0.054167
0 0.658203 0.381944 0.032031 0.047222
